area1:
POLYGON ((143.32317350376297 -37.496296386368165, 143.32180000642074 -37.70330610816869, 143.59543478539388 -37.70317028876007, 143.5968081449812 -37.49575155973978, 143.32317350376297 -37.496296386368165))

area2:
POLYGON ((142.79501249253747 -37.62573016158374, 142.79363481285884 -37.832739875957245, 143.06774894788782 -37.83260406398416, 143.0691229156846 -37.62518532754736, 142.79501249253747 -37.62573016158374))

area3:
POLYGON ((144.0229424345357 -37.55299953752239, 144.02019905996406 -37.97282887730929, 144.6632499098556 -37.972670022747636, 144.66240633494579 -37.552454710108975, 144.0229424345357 -37.55299953752239))

area4:
POLYGON ((144.0229424345357 -37.55299953752239, 144.0232889647492 -37.785305675250484, 144.43339532611537 -37.7854177479752, 144.43392504222118 -37.55313516899489, 144.0229424345357 -37.55299953752239))

large area:
POLYGON ((142.2509765625 -36.564271808625506, 142.2784423828125 -37.837462426016096, 144.55810546875 -37.837462426016096, 144.5306396484375 -36.55544720555245, 142.2509765625 -36.564271808625506))